System Date,System Time,Elapsed Time (sec),Software Elapsed Time (sec),2C01,2C02,2C03,2C04,2C05,2C07,2C08,2C09,2C10,2C11,2C12,2C13,2C14,2C15,2C16,2C17,2C18,2C19,2C20,N/A,N/A,N/A,N/A
11/28/2018,10:45:44.572,0.000000,0.000000,-0.012159,-0.000247,0.070133,-0.025748,-0.067556,0.043174,0.048715,-0.066248,-0.032172,0.074318,0.019836,-0.037439,-0.061326,0.050561,0.045993,-0.042717,0.030728,-0.135764,-0.183233,,,,
11/28/2018,10:45:48.022,3.450127,0.000000,0.010308,-0.000242,0.004530,-0.094369,-0.027933,0.076648,0.000678,-0.079203,0.019954,0.064495,-0.046262,-0.059131,0.023607,0.064548,-0.052971,-0.006601,0.133442,-0.274445,0.148563,,,,
11/28/2018,10:45:51.364,6.792059,0.000000,0.092121,-0.000199,-0.032312,-0.018615,0.076960,-0.006542,-0.077078,0.021181,0.062805,-0.051911,-0.073915,0.038940,0.049705,-0.067518,-0.040177,-0.072419,0.106171,-0.142677,0.084567,,,,
11/28/2018,10:45:54.705,10.132627,0.000000,-0.095068,-0.000264,0.087187,-0.044653,-0.059114,0.056349,0.076831,-0.003459,-0.079515,0.015311,0.066216,-0.047601,-0.054552,0.058248,0.039381,-0.098458,-0.218929,0.148563,-0.046767,,,,
11/28/2018,10:45:58.047,13.474636,0.000000,0.048511,-0.000226,-0.014504,-0.016850,0.028917,0.061627,-0.054934,-0.048177,0.064145,0.030542,-0.081495,-0.013235,0.077998,0.024457,-0.082980,-0.051573,0.021871,-0.113839,-0.008382,,,,
11/28/2018,10:46:01.421,16.849501,0.000000,-0.082108,-0.000274,0.071214,0.013337,-0.084093,0.005358,0.066883,-0.032812,-0.064667,0.047306,0.056801,-0.061040,-0.044438,0.067201,0.021208,-0.051843,0.034238,-0.222386,-0.020616,,,,
11/28/2018,10:46:04.792,20.220035,0.000000,0.105108,-0.000221,-0.054811,0.022488,0.065172,0.025286,-0.081995,-0.008543,0.076201,-0.022149,-0.073247,0.039300,0.051857,-0.053218,-0.054886,0.034130,-0.044229,-0.127934,0.025162,,,,
11/28/2018,10:46:08.185,23.613126,0.000000,0.003712,-0.000247,0.015204,0.042744,-0.063639,-0.044078,0.010125,0.066458,-0.041603,-0.059728,0.054192,0.037988,-0.075270,-0.028922,0.075507,-0.221252,0.122264,-0.198246,-0.017713,,,,
11/28/2018,10:46:11.547,26.975435,0.000000,-0.058264,-0.000269,-0.023413,-0.000737,-0.085116,-0.006354,0.074065,-0.019626,-0.071085,0.032640,0.077406,-0.021315,-0.069116,0.038870,0.055661,-0.027056,0.020197,0.085703,-0.298422,,,,
11/28/2018,10:46:14.940,30.367875,0.000000,0.025431,-0.000253,0.017092,-0.098587,-0.038848,0.074098,0.003631,-0.080301,0.011384,0.069127,-0.035486,-0.073231,0.030994,0.061579,-0.055698,-0.015795,0.125342,-0.191766,0.112543,,,,
11/28/2018,10:46:18.295,33.723247,0.000000,-0.033146,-0.000253,0.038450,0.022203,-0.081533,-0.026491,0.030816,0.053181,-0.059335,-0.050819,0.063876,0.022171,-0.084045,-0.009942,0.074716,0.018631,-0.203593,-0.096628,-0.097962,,,,
11/28/2018,10:46:21.661,37.089140,0.000000,-0.078584,-0.000274,0.053692,0.007645,-0.083512,0.008737,0.066673,-0.038004,-0.063359,0.047612,0.067561,-0.036766,-0.059782,0.054671,0.035680,-0.039206,0.012529,-0.067504,-0.231404,,,,
11/28/2018,10:46:25.037,40.465233,0.000000,-0.029100,-0.000253,-0.012567,-0.083705,0.019755,0.063112,-0.049156,-0.055618,0.058286,0.034055,-0.078767,-0.021665,0.073893,0.012707,-0.083840,0.121778,0.045159,0.054381,-0.159040,,,,
11/28/2018,10:46:28.416,43.844073,0.000000,0.106700,-0.000226,-0.100082,0.061573,-0.035459,-0.068449,-0.024032,0.074550,-0.008479,-0.079994,0.017237,0.063897,-0.053536,-0.054283,0.056355,-0.219362,-0.013385,-0.119347,0.121616,,,,
11/28/2018,10:46:31.794,47.221594,0.000000,0.060072,-0.000242,-0.022789,0.018410,-0.075211,-0.034206,0.072441,0.010830,-0.083561,-0.029030,0.074297,-0.000662,-0.082027,0.018254,0.066243,-0.177563,-0.005454,-0.142029,0.146295,,,,
11/28/2018,10:46:35.145,50.573072,0.000000,0.100325,-0.000215,-0.082366,0.074711,-0.009754,-0.060497,-0.039720,0.070332,0.018184,-0.081204,-0.002109,0.070558,-0.031091,-0.066130,0.013154,-0.028869,0.014581,-0.215311,-0.090474,,,,
11/28/2018,10:46:38.537,53.964734,0.000000,-0.009033,-0.000253,0.020411,0.034862,-0.068040,-0.036895,0.071478,0.009436,-0.083163,-0.001571,0.072220,0.009614,-0.082883,0.011405,0.066700,0.035534,-0.042717,-0.124856,-0.051158,,,,
11/28/2018,10:46:41.922,57.349685,0.000000,0.014779,-0.000242,-0.003126,0.046434,0.021111,-0.078977,-0.002636,0.070445,-0.023855,-0.068669,0.043265,0.045493,-0.064258,-0.065274,0.043594,-0.118807,0.055785,-0.111571,-0.166978,,,,
11/28/2018,10:46:45.283,60.710615,0.000000,-0.053471,-0.000269,0.043750,0.015397,-0.083625,-0.000538,0.074485,-0.024925,-0.068970,0.044793,0.067185,-0.044799,-0.054859,0.057780,0.037272,-0.046605,0.042987,-0.126422,-0.172217,,,,
11/28/2018,10:46:48.663,64.090774,0.000000,-0.098043,-0.000264,0.082603,0.050964,-0.062966,-0.039559,0.069277,0.015387,-0.083701,0.000527,0.070219,-0.028874,-0.083329,0.009227,0.065468,-0.106171,-0.212827,-0.011125,-0.228002,,,,
11/28/2018,10:46:52.014,67.441674,0.000000,-0.080085,-0.000274,0.079074,0.020643,-0.081124,0.008194,0.068680,-0.029966,-0.064494,0.048904,0.065721,-0.049780,-0.051303,0.062967,0.032285,-0.047253,0.022627,0.090348,-0.362794,,,,
11/28/2018,10:46:55.406,70.833922,0.000000,0.066464,-0.000215,0.003007,-0.084029,0.026270,0.062789,-0.053240,-0.047429,0.067281,0.029466,-0.078111,-0.043394,0.068610,0.028298,-0.079563,0.118807,0.065958,0.038305,0.117835,,,,
11/28/2018,10:46:58.755,74.183518,0.000000,-0.014628,-0.000247,0.079408,-0.083840,0.007457,0.066469,0.037912,-0.076454,-0.021751,0.076745,-0.000651,-0.078993,0.021590,0.063150,-0.046665,0.108088,0.067486,0.152992,-0.112327,,,,
11/28/2018,10:47:02.124,77.552498,0.000000,-0.113204,-0.000269,-0.012761,-0.020121,-0.088177,0.013498,0.065511,-0.038902,-0.060820,0.051975,0.059373,-0.056468,-0.047795,0.065667,0.022795,-0.006042,0.031322,0.095532,-0.037586,,,,
11/28/2018,10:47:05.500,80.928420,0.000000,0.032484,-0.000242,-0.051771,-0.044277,0.005219,0.070423,-0.026996,-0.068255,0.047037,0.045681,-0.068303,-0.038101,0.074711,0.043739,-0.072177,0.013477,-0.115621,0.085865,-0.106063,,,,
11/28/2018,10:47:08.853,84.280617,0.000000,-0.094821,-0.000269,0.079316,-0.027674,-0.067475,0.046795,0.044207,-0.065753,-0.035534,0.071144,0.037358,-0.077465,-0.022859,0.075835,-0.006063,-0.001291,-0.123182,-0.073834,-0.218119,,,,
11/28/2018,10:47:12.191,87.618561,0.000000,0.036099,-0.000237,-0.004998,0.101003,0.000334,-0.076648,0.021783,0.069681,0.019518,-0.084798,-0.004315,0.068530,-0.031698,-0.070800,0.038633,-0.021277,-0.233942,0.077175,-0.239127,,,,
