System Date,System Time,Elapsed Time (sec),Software Elapsed Time (sec),2C01,2C02,2C03,2C04,2C05,2C07,2C08,2C09,2C10,2C11,2C12,2C13,2C14,2C15,2C16,2C17,2C18,2C19,2C20,N/A,N/A,N/A,N/A
11/26/2018,08:16:06.130,0.000000,0.000000,0.002179,-0.000247,1.914866,0.222440,0.074345,0.041705,-0.046956,-0.076669,-0.079784,-0.001738,0.035443,0.062972,0.036164,-0.011621,-0.052492,1.900253,2.037725,0.163900,0.115999,,,,
11/26/2018,08:17:22.304,76.174249,0.000000,0.022999,-0.000269,1.901877,0.558827,0.105947,0.101729,0.033791,-0.076497,-0.002217,0.074910,-0.021434,-0.071542,0.029740,0.066222,-0.042808,1.898088,2.034478,0.335307,-0.079020,,,,
11/26/2018,08:18:33.965,147.834984,0.000000,0.037600,-0.000264,1.915407,0.595820,0.090834,-0.040328,-0.046337,0.064995,0.030327,-0.070536,-0.028347,0.078068,0.005418,-0.082280,0.018351,1.904041,2.032854,0.283464,0.008726,,,,
11/26/2018,08:18:37.301,151.171334,0.000000,-0.011545,-0.000274,1.917031,0.562932,0.150723,0.115695,-0.007091,-0.070724,0.035933,0.050523,-0.030111,-0.066076,0.044083,0.047419,-0.066237,1.904041,2.033936,0.370949,-0.075884,,,,
11/26/2018,08:18:40.636,154.506005,0.000000,-0.107372,-0.000296,1.915949,0.633568,0.037694,-0.072742,-0.024941,0.074824,-0.001173,-0.080268,0.023591,0.061143,-0.051841,-0.055327,0.032446,1.902959,2.032854,0.267317,0.020196,,,,
11/26/2018,08:18:43.987,157.856643,0.000000,-0.059109,-0.000274,1.915949,0.576919,0.011067,0.082205,-0.021181,-0.072188,0.035362,0.052325,-0.063354,-0.040785,0.060244,0.031451,-0.078041,1.902418,2.032854,0.355018,-0.108871,,,,
11/26/2018,08:18:47.332,161.201694,0.000000,0.036315,-0.000264,1.918113,0.597062,0.090618,-0.041727,-0.046283,0.062149,0.031639,-0.073194,-0.030972,0.074975,0.007758,-0.082958,0.017646,1.903500,2.033395,0.313436,-0.163144,,,,
11/26/2018,08:18:50.683,164.553384,0.000000,-0.004594,-0.000280,1.917031,0.581077,0.186474,0.102719,0.032764,-0.078670,-0.007973,0.074980,-0.023575,-0.072849,0.038709,0.049980,-0.065000,1.904583,2.032854,0.376944,0.116377,,,,
11/26/2018,08:18:54.004,167.874249,0.000000,-0.107356,-0.000280,1.919737,0.640373,-0.023101,0.071435,0.022149,-0.081920,-0.008129,0.074582,-0.024640,-0.071069,0.039849,0.065253,-0.043190,1.904583,2.032854,0.174701,-0.091399,,,,
11/26/2018,08:18:57.348,171.218386,0.000000,0.037557,-0.000253,1.918655,0.577837,0.108871,0.005622,-0.078321,0.014768,0.067281,-0.045584,-0.073097,0.030154,0.056441,-0.060271,-0.046235,1.905665,2.033936,-0.164170,-0.081869,,,,
11/26/2018,08:19:00.717,174.587295,0.000000,-0.015171,-0.000269,1.918655,0.564012,0.152722,0.072274,0.053627,-0.065829,-0.033415,0.072387,0.014537,-0.084255,0.005751,0.069202,0.004993,1.904583,2.032854,0.139599,0.057082,,,,
11/26/2018,08:19:04.061,177.930940,0.000000,0.087327,-0.000269,1.918655,0.654413,0.239991,0.053439,-0.073360,0.009130,0.067464,-0.034512,-0.066297,0.036643,0.056608,-0.058135,-0.046095,1.905124,2.032854,0.108331,0.119908,,,,
11/26/2018,08:19:07.393,181.262854,0.000000,0.066157,-0.000264,1.917572,0.823498,0.222980,-0.027174,-0.014838,0.077003,-0.005606,-0.082280,0.000140,0.069310,-0.033877,-0.069939,0.040581,1.903500,2.033395,0.396331,-0.016516,,,,
11/26/2018,08:19:10.716,184.585970,0.000000,0.022590,-0.000285,1.919196,0.589177,0.185826,0.107206,-0.033877,-0.049710,0.060234,0.035674,-0.055779,-0.046655,0.064414,0.030848,-0.078106,1.902418,2.033395,0.368249,-0.036600,,,,
11/26/2018,08:19:14.034,187.903693,0.000000,-0.011104,-0.000264,1.919737,0.567306,0.150183,0.116190,-0.002416,-0.072306,0.029035,0.057151,-0.027879,-0.066792,0.045923,0.042824,-0.068648,1.905124,2.033395,0.231675,-0.071504,,,,
11/26/2018,08:19:17.351,191.220859,0.000000,-0.037127,-0.000258,1.920278,0.573354,0.132362,0.111591,0.017178,-0.080489,0.015333,0.065409,-0.004611,-0.076475,0.021875,0.063580,-0.051335,1.906206,2.033395,0.188742,0.053143,,,,
11/26/2018,08:19:20.667,194.537563,0.000000,-0.051335,-0.000269,1.919196,0.596576,0.122318,0.104069,0.032199,-0.079149,-0.002884,0.073915,-0.007058,-0.078466,0.020293,0.065468,-0.046757,1.904041,2.034478,0.184368,-0.119369,,,,
11/26/2018,08:19:23.986,197.855721,0.000000,-0.102665,-0.000291,1.919737,0.641129,0.033914,-0.076330,-0.010491,0.075997,0.028379,-0.079515,-0.016522,0.077100,-0.015080,-0.074748,0.027696,1.904583,2.033936,0.235455,-0.065167,,,,
11/26/2018,08:19:27.329,201.199489,0.000000,0.045837,-0.000258,1.921902,0.634054,0.234753,0.065065,-0.017958,-0.067486,0.045111,0.046660,-0.066178,-0.038821,0.071983,0.013450,-0.083496,1.904583,2.032313,0.347782,0.042964,,,,
11/26/2018,08:19:30.652,204.521948,0.000000,-0.085756,-0.000291,1.919196,0.651983,-0.031564,0.065248,0.031161,-0.079424,-0.017695,0.074937,-0.010152,-0.075039,0.027857,0.065409,-0.039198,1.905665,2.033936,0.221198,-0.016871,,,,
11/26/2018,08:19:33.982,207.852592,0.000000,-0.061460,-0.000274,1.918655,0.664296,0.080172,0.051437,0.074695,-0.039064,-0.057511,0.053207,0.039451,-0.073253,-0.056538,0.056769,0.031957,1.906206,2.033395,0.322292,-0.015204,,,,
